35	6735
21	961
25	8
2	3
22	79
14	2047
17	82
26	78
18	136
90	454
12	696
11	529
32	19
2000	5
954	85
91	156
20	23
189	72
38	89
73	34
55	386
37	145
60	25
24	66
45	200
68	387
88	16
16	2848
7	567
40	123
1214	362
875	90
39	40
19	11
188	307
10	5
2090	5
80	391
34	1
27	8
28	97
31	74
30	14
47	37
48	47
49	28
107	6
36	2
57	92
120	96
123	100
50	53
51	56
46	15
44	44
92	2
1577	13
29	465
125	43
85	534
1878	20
58	206
61	15
62	48
54	158
72	15
59	92
371	2
66	7
63	30
794	43
1892	267
1618	2
778	56
67	145
41	13
15	74
119	16
1965	50
70	18
290	13
71	36
1576	9
312	42
89	12
250	18
76	20
74	169
168	17
98	1
82	72
514	54
77	3
78	1
190	247
79	28
81	3
2091	4
1215	56
87	22
96	3
1514	12
95	3
97	1
122	31
126	133
654	17
121	5
795	20
1055	3
1080	1
876	8
231	11
415	7
103	168
1078	51
104	270
1515	8
1868	3
994	55
42	20
111	12
131	14
105	39
129	20
109	20
130	24
413	38
554	24
310	145
69	39
877	11
230	15
1077	10
637	1
1076	13
124	46
270	23
474	47
64	32
118	24
1718	31
2136	4
934	1
93	7
1999	9
311	6
1217	51
894	45
152	59
714	99
154	5
153	1
133	12
132	11
134	23
694	22
814	33
128	31
350	3
149	1
411	5
1075	2
150	12
151	7
1622	1
1096	2
1095	6
232	4
1883	2
1216	339
534	115
208	2
209	1
99	3
914	1
1154	4
1034	1
233	65
674	6
575	3
1575	10
1665	44
414	13
23	3
471	16
1655	2
473	2
470	4
1434	22
475	9
494	1
1054	1
995	3
594	1
1605	3
574	3
1074	34
495	15
113	16
655	1
735	2
855	23
974	122
114	256
1555	53
1606	1
754	5
874	2
1475	10
834	75
1275	5
1274	6
1625	4
854	1
1600	1
43	2
1454	1
1355	8
1081	2
410	2
635	11
1254	7
1174	3
996	3
1334	22
1335	12
412	13
1114	1
1097	3
1194	47
695	2
1594	8
1554	2
52	1
86	1
1374	1
1354	4
1394	1
1375	29
1630	29
1494	10
1534	33
1953	17
1574	14
1642	1
1641	1
1692	57
1598	1
1599	1
776	2
1802	18
1604	315
1616	10
370	50
148	2
1643	14
1611	6
1395	2
1608	2
1612	5
1701	81
636	1
1613	3
777	31
1603	10
1619	1
1617	1
2007	210
2145	2
1623	17
1636	6
1602	9
1624	1
1628	3
775	39
1766	3
1634	3
1638	234
1750	8
1669	19
1668	12
1729	32
1639	21
1678	23
1640	6
1697	7
1671	15
1737	25
1667	20
1666	18
1651	10
1662	41
1648	2
1710	22
774	26
1664	11
1663	9
1873	48
1752	8
127	1
1654	8
1738	60
1813	134
1694	10
1693	31
1679	10
1681	1
1680	3
1687	4
1690	7
1658	1
1656	2
1682	1
1657	1
1683	20
1684	8
1652	29
1698	12
1686	3
1685	11
2120	4
1689	6
614	8
1731	55
1715	12
1714	8
1696	6
1620	14
1700	20
1712	11
1711	35
1713	2
1720	97
1749	12
1748	50
1660	34
1659	6
1661	6
1708	8
1747	4
1709	2
1716	1
1719	5
1647	1
1722	26
1725	6
1726	6
1706	10
1728	2
1837	3
1653	5
1695	10
1769	2
1650	4
1721	5
1741	27
1703	4
1745	1
1744	77
1743	65
1824	14
1777	3
1746	9
1816	8
1818	101
1787	2
1798	2
1760	6
1756	11
1754	11
1755	5
1758	3
1757	1
1759	3
1956	33
1768	1
1761	5
1767	8
1801	21
1770	91
1771	59
1838	2
1836	2
1806	7
1810	1
1811	1
1809	1
1808	1
1788	1
1772	2
1775	5
1826	9
1779	19
1778	4
1781	31
1780	22
1793	4
1789	2
1723	1
1783	1
1795	17
1797	13
1796	16
1857	5
1821	5
1799	5
1803	2
1782	8
1804	1
1800	7
1315	3
1828	1
2023	13
1843	9
1736	3
1815	4
1751	2
1814	38
1776	4
1846	2
1827	15
1839	2
1862	7
1860	8
1820	12
1858	2
1819	2
1835	1
1822	3
1869	1
1727	9
1314	5
1841	5
1840	1
1845	1
1844	1
1872	24
1851	1
1730	1
1707	1
1854	4
1855	5
1882	1
1691	1
1856	20
1867	2
1881	1
1829	20
1866	1
1874	2
1863	5
1865	14
1850	1
1864	1
1849	8
1847	6
1870	1
1876	3
1877	2
1875	3
1890	46
1998	1
2111	6
1885	207
1895	9
1950	71
1884	17
1888	27
1954	43
1887	2
1886	2
1896	2
1891	38
1909	1
1929	42
634	8
2024	4
1897	8
1933	1
1893	7
1899	7
2056	1
1928	67
1635	1
1927	14
1901	6
1919	4
1898	3
1900	1
1914	10
1915	1
1924	6
1921	17
1923	5
1922	59
1981	149
33	1
2070	173
1920	4
1971	1
1932	16
1934	2
2116	11
1812	7
1960	61
1957	18
1962	1
1963	3
1966	1
2054	14
1968	7
1970	1
1969	3
1973	81
1988	7
1975	46
1979	30
1980	27
2006	30
1974	20
1978	56
1983	6
1984	2
1982	11
2082	74
1985	14
1917	1
2047	1
1990	8
1989	11
1987	3
2031	3
2132	11
1991	1
2042	19
2018	9
2001	3
2003	3
2010	30
2004	16
2076	8
2075	36
2020	1
2106	1
2068	82
2016	2
1935	4
2032	9
1925	5
2019	3
2092	7
2067	4
2022	3
1675	1
2026	3
2148	3
2009	13
2028	2
2030	3
2073	15
2035	8
2033	1
2039	1
2036	2
2038	3
2037	2
2143	4
2053	18
2041	5
2043	10
2044	3
2045	2
2049	1
2048	2
2135	2
2050	84
2013	13
2066	1
2064	9
2063	17
2069	43
2062	1
2061	8
2060	20
2080	7
2081	2
2084	26
2104	1
2100	22
2089	64
2095	11
2096	5
2027	47
2072	5
2098	2
2099	2
2051	19
2085	1
2103	2
2102	49
2088	9
2105	18
2083	1
2129	8
2107	21
2109	18
2108	7
2126	1
2115	6
2113	8
2110	7
2133	2
2139	1
2052	5
2123	48
2117	1
1926	7
2118	1
1949	3
1955	2
2128	2
2131	22
2130	6
2121	6
2025	5
2122	1
2112	1
2071	8
2059	4
2140	1
2137	1
2144	6
2101	7
2142	2
2119	2
2155	6
2008	1
2176	3
2178	4
2189	6
1	1
2209	39
2214	2
2190	1
2216	3
2226	1
