35
21
25
2
22
14
17
26
18
90
12
11
32
2000
954
91
20
189
38
73
55
37
60
24
45
68
88
16
7
40
1214
875
39
19
188
10
2090
80
34
27
28
31
30
47
48
49
107
36
57
120
123
50
51
46
44
92
1577
29
125
85
1878
58
61
62
54
72
59
371
66
63
794
1892
1618
778
67
41
15
119
1965
70
290
71
1576
312
89
250
76
74
168
98
82
514
77
78
190
79
81
2091
1215
87
96
1514
95
97
122
126
654
121
795
1055
1080
876
231
415
103
1078
104
1515
1868
994
42
111
131
105
129
109
130
413
554
310
69
877
230
1077
637
1076
124
270
474
64
118
1718
2136
934
93
1999
311
1217
894
152
714
154
153
133
132
134
694
814
128
350
149
411
1075
150
151
1622
1096
1095
232
1883
1216
534
208
209
99
914
1154
1034
233
674
575
1575
1665
414
23
471
1655
473
470
1434
475
494
1054
995
594
1605
574
1074
495
113
655
735
855
974
114
1555
1606
754
874
1475
834
1275
1274
1625
854
1600
43
1454
1355
1081
410
635
1254
1174
996
1334
1335
412
1114
1097
1194
695
1594
1554
52
86
1374
1354
1394
1375
1630
1494
1534
1953
1574
1642
1641
1692
1598
1599
776
1802
1604
1616
370
148
1643
1611
1395
1608
1612
1701
636
1613
777
1603
1619
1617
2007
2145
1623
1636
1602
1624
1628
775
1766
1634
1638
1750
1669
1668
1729
1639
1678
1640
1697
1671
1737
1667
1666
1651
1662
1648
1710
774
1664
1663
1873
1752
127
1654
1738
1813
1694
1693
1679
1681
1680
1687
1690
1658
1656
1682
1657
1683
1684
1652
1698
1686
1685
2120
1689
614
1731
1715
1714
1696
1620
1700
1712
1711
1713
1720
1749
1748
1660
1659
1661
1708
1747
1709
1716
1719
1647
1722
1725
1726
1706
1728
1837
1653
1695
1769
1650
1721
1741
1703
1745
1744
1743
1824
1777
1746
1816
1818
1787
1798
1760
1756
1754
1755
1758
1757
1759
1956
1768
1761
1767
1801
1770
1771
1838
1836
1806
1810
1811
1809
1808
1788
1772
1775
1826
1779
1778
1781
1780
1793
1789
1723
1783
1795
1797
1796
1857
1821
1799
1803
1782
1804
1800
1315
1828
2023
1843
1736
1815
1751
1814
1776
1846
1827
1839
1862
1860
1820
1858
1819
1835
1822
1869
1727
1314
1841
1840
1845
1844
1872
1851
1730
1707
1854
1855
1882
1691
1856
1867
1881
1829
1866
1874
1863
1865
1850
1864
1849
1847
1870
1876
1877
1875
1890
1998
2111
1885
1895
1950
1884
1888
1954
1887
1886
1896
1891
1909
1929
634
2024
1897
1933
1893
1899
2056
1928
1635
1927
1901
1919
1898
1900
1914
1915
1924
1921
1923
1922
1981
33
2070
1920
1971
1932
1934
2116
1812
1960
1957
1962
1963
1966
2054
1968
1970
1969
1973
1988
1975
1979
1980
2006
1974
1978
1983
1984
1982
2082
1985
1917
2047
1990
1989
1987
2031
2132
1991
2042
2018
2001
2003
2010
2004
2076
2075
2020
2106
2068
2016
1935
2032
1925
2019
2092
2067
2022
1675
2026
2148
2009
2028
2030
2073
2035
2033
2039
2036
2038
2037
2143
2053
2041
2043
2044
2045
2049
2048
2135
2050
2013
2066
2064
2063
2069
2062
2061
2060
2080
2081
2084
2104
2100
2089
2095
2096
2027
2072
2098
2099
2051
2085
2103
2102
2088
2105
2083
2129
2107
2109
2108
2126
2115
2113
2110
2133
2139
2052
2123
2117
1926
2118
1949
1955
2128
2131
2130
2121
2025
2122
2112
2071
2059
2140
2137
2144
2101
2142
2119
2155
2008
2176
2178
2189
1
2209
2214
2190
2216
2226
